Количество городов: 10
Режим auto

Изначальная матрица:
   -1   775   166   401   712   704   581   314   148   803 
  731    -1   479    64   177    37   948   643   645   833 
  609   420    -1   563   733   648    13   296   643   512 
  897   291   286    -1   691   349   118   272   662   617 
  426   392   244   256    -1   421   644   755   415   288 
  939    24    60   503   938    -1   503   303   439   145 
  814   335   787    99   101   830    -1   218   101   460 
  834   878   204   430   486    10   202    -1   116   616 
  769    54   639   828   557   929   619    59    -1    57 
  555    44   744   693   494   844   522   292   413    -1 

------------------------------------------
Скопированный изначальный массив
   -1   775   166   401   712   704   581   314   148   803 
  731    -1   479    64   177    37   948   643   645   833 
  609   420    -1   563   733   648    13   296   643   512 
  897   291   286    -1   691   349   118   272   662   617 
  426   392   244   256    -1   421   644   755   415   288 
  939    24    60   503   938    -1   503   303   439   145 
  814   335   787    99   101   830    -1   218   101   460 
  834   878   204   430   486    10   202    -1   116   616 
  769    54   639   828   557   929   619    59    -1    57 
  555    44   744   693   494   844   522   292   413    -1 

------------------------------------------
Массив хранения минимумов строк и столбцов
   -1   775   166   401   712   704   581   314   148   803     0 
  731    -1   479    64   177    37   948   643   645   833     0 
  609   420    -1   563   733   648    13   296   643   512     0 
  897   291   286    -1   691   349   118   272   662   617     0 
  426   392   244   256    -1   421   644   755   415   288     0 
  939    24    60   503   938    -1   503   303   439   145     0 
  814   335   787    99   101   830    -1   218   101   460     0 
  834   878   204   430   486    10   202    -1   116   616     0 
  769    54   639   828   557   929   619    59    -1    57     0 
  555    44   744   693   494   844   522   292   413    -1     0 
    0     0     0     0     0     0     0     0     0     0     0 

------------------------------------------
Нахождение минимумов по строкам и их редукция
   -1   627    18   253   564   556   433   166     0   655   148 
  694    -1   442    27   140     0   911   606   608   796    37 
  596   407    -1   550   720   635     0   283   630   499    13 
  779   173   168    -1   573   231     0   154   544   499   118 
  182   148     0    12    -1   177   400   511   171    44   244 
  915     0    36   479   914    -1   479   279   415   121    24 
  715   236   688     0     2   731    -1   119     2   361    99 
  824   868   194   420   476     0   192    -1   106   606    10 
  715     0   585   774   503   875   565     5    -1     3    54 
  511     0   700   649   450   800   478   248   369    -1    44 
    0     0     0     0     0     0     0     0     0     0     0 

------------------------------------------
Нахождение минимумов по столбцам и их редукция
   -1   627    18   253   562   556   433   161     0   652   148 
  512    -1   442    27   138     0   911   601   608   793    37 
  414   407    -1   550   718   635     0   278   630   496    13 
  597   173   168    -1   571   231     0   149   544   496   118 
    0   148     0    12    -1   177   400   506   171    41   244 
  733     0    36   479   912    -1   479   274   415   118    24 
  533   236   688     0     0   731    -1   114     2   358    99 
  642   868   194   420   474     0   192    -1   106   603    10 
  533     0   585   774   501   875   565     0    -1     0    54 
  329     0   700   649   448   800   478   243   369    -1    44 
  182     0     0     0     2     0     0     5     0     3     0 

------------------------------------------
Нужный путь:1|5

Дополнительный массив
   -1   627    18   253   562   556   433   161     0   652   148 
  512    -1   442    27   138     0   911   601   608   793    37 
  414   407    -1   550   718   635     0   278   630   496    13 
  597   173   168    -1   571   231     0   149   544   496   118 
    0   148     0    12    -1   177   400   506   171    41   244 
  733     0    36   479   912    -1   479   274   415   118    24 
  533   236   688     0     0   731    -1   114     2   358    99 
  642   868   194   420   474     0   192    -1   106   603    10 
  533     0   585   774   501   875   565     0    -1     0    54 
  329     0   700   649   448   800   478   243   369    -1    44 
  182     0     0     0     2     0     0     5     0     3     0 

------------------------------------------
Массив до удаления использованного пути
   -1   627    18   253   562   556   433   161     0   652   148 
  512    -1   442    27   138     0   911   601   608   793    37 
  414   407    -1   550   718   635     0   278   630   496    13 
  597   173   168    -1   571   231     0   149   544   496   118 
    0   148     0    12    -1   177   400   506   171    41   244 
  733     0    36   479   912    -1   479   274   415   118    24 
  533   236   688     0     0   731    -1   114     2   358    99 
  642   868   194   420   474     0   192    -1   106   603    10 
  533     0   585   774   501   875   565     0    -1     0    54 
  329     0   700   649   448   800   478   243   369    -1    44 
  182     0     0     0     2     0     0     5     0     3     0 

------------------------------------------
Массив после удаления использованного пути
   -1   627    18   253    -1   556   433   161     0   652   148 
   -1    -1   442    27   138     0   911   601   608   793    37 
   -1   407    -1   550   718   635     0   278   630   496    13 
   -1   173   168    -1   571   231     0   149   544   496   118 
   -1    -1    -1    -1    -1    -1    -1    -1    -1    -1    -1 
   -1     0    36   479   912    -1   479   274   415   118    24 
   -1   236   688     0     0   731    -1   114     2   358    99 
   -1   868   194   420   474     0   192    -1   106   603    10 
   -1     0   585   774   501   875   565     0    -1     0    54 
   -1     0   700   649   448   800   478   243   369    -1    44 
   -1     0     0     0     2     0     0     5     0     3     0 

------------------------------------------
Дополнительное нахождение минимумов по строкам и столбцам и их редукция для второго варианта пути
   -1   627    18   253   562   556   433   161     0   652     0 
  183    -1   442    27   138     0   911   601   608   793     0 
   85   407    -1   550   718   635     0   278   630   496     0 
  268   173   168    -1   571   231     0   149   544   496     0 
   -1   148     0    12    -1   177   400   506   171    41     0 
  404     0    36   479   912    -1   479   274   415   118     0 
  204   236   688     0     0   731    -1   114     2   358     0 
  313   868   194   420   474     0   192    -1   106   603     0 
  204     0   585   774   501   875   565     0    -1     0     0 
    0     0   700   649   448   800   478   243   369    -1     0 
  329     0     0     0     0     0     0     0     0     0     0 

------------------------------------------
Нахождение минимумов по строкам и их редукция
   -1   627    18   253    -1   556   433   161     0   652     0 
   -1    -1   442    27   138     0   911   601   608   793     0 
   -1   407    -1   550   718   635     0   278   630   496     0 
   -1   173   168    -1   571   231     0   149   544   496     0 
   -1    -1    -1    -1    -1    -1    -1    -1    -1    -1    -1 
   -1     0    36   479   912    -1   479   274   415   118     0 
   -1   236   688     0     0   731    -1   114     2   358     0 
   -1   868   194   420   474     0   192    -1   106   603     0 
   -1     0   585   774   501   875   565     0    -1     0     0 
   -1     0   700   649   448   800   478   243   369    -1     0 
   -1     0     0     0     2     0     0     5     0     3     0 

------------------------------------------
Нахождение минимумов по столбцам и их редукция
   -1   627     0   253    -1   556   433   161     0   652     0 
   -1    -1   424    27   138     0   911   601   608   793     0 
   -1   407    -1   550   718   635     0   278   630   496     0 
   -1   173   150    -1   571   231     0   149   544   496     0 
   -1    -1    -1    -1    -1    -1    -1    -1    -1    -1    -1 
   -1     0    18   479   912    -1   479   274   415   118     0 
   -1   236   670     0     0   731    -1   114     2   358     0 
   -1   868   176   420   474     0   192    -1   106   603     0 
   -1     0   567   774   501   875   565     0    -1     0     0 
   -1     0   682   649   448   800   478   243   369    -1     0 
   -1     0    18     0     0     0     0     0     0     0     0 

------------------------------------------
Нужный путь:7|3

Дополнительный массив
   -1   627     0   253    -1   556   433   161     0   652     0 
   -1    -1   424    27   138     0   911   601   608   793     0 
   -1   407    -1   550   718   635     0   278   630   496     0 
   -1   173   150    -1   571   231     0   149   544   496     0 
   -1    -1    -1    -1    -1    -1    -1    -1    -1    -1    -1 
   -1     0    18   479   912    -1   479   274   415   118     0 
   -1   236   670     0     0   731    -1   114     2   358     0 
   -1   868   176   420   474     0   192    -1   106   603     0 
   -1     0   567   774   501   875   565     0    -1     0     0 
   -1     0   682   649   448   800   478   243   369    -1     0 
   -1     0    18     0     0     0     0     0     0     0     0 

------------------------------------------
Массив до удаления использованного пути
   -1   627     0   253    -1   556   433   161     0   652     0 
   -1    -1   424    27   138     0   911   601   608   793     0 
   -1   407    -1   550   718   635     0   278   630   496     0 
   -1   173   150    -1   571   231     0   149   544   496     0 
   -1    -1    -1    -1    -1    -1    -1    -1    -1    -1    -1 
   -1     0    18   479   912    -1   479   274   415   118     0 
   -1   236   670     0     0   731    -1   114     2   358     0 
   -1   868   176   420   474     0   192    -1   106   603     0 
   -1     0   567   774   501   875   565     0    -1     0     0 
   -1     0   682   649   448   800   478   243   369    -1     0 
   -1     0    18     0     0     0     0     0     0     0     0 

------------------------------------------
Массив после удаления использованного пути
   -1   627     0   253    -1   556    -1   161     0   652     0 
   -1    -1   424    27   138     0    -1   601   608   793     0 
   -1    -1    -1    -1    -1    -1    -1    -1    -1    -1    -1 
   -1   173   150    -1   571   231    -1   149   544   496     0 
   -1    -1    -1    -1    -1    -1    -1    -1    -1    -1    -1 
   -1     0    18   479   912    -1    -1   274   415   118     0 
   -1   236    -1     0     0   731    -1   114     2   358     0 
   -1   868   176   420   474     0    -1    -1   106   603     0 
   -1     0   567   774   501   875    -1     0    -1     0     0 
   -1     0   682   649   448   800    -1   243   369    -1     0 
   -1     0    18     0     0     0    -1     0     0     0     0 

------------------------------------------
Дополнительное нахождение минимумов по строкам и столбцам и их редукция для второго варианта пути
   -1   627     0   253    -1   556   433   161     0   652     0 
   -1    -1   424    27   138     0   911   601   608   793     0 
   -1   129    -1   272   440   357    -1     0   352   218   278 
   -1   173   150    -1   571   231     0   149   544   496     0 
   -1    -1    -1    -1    -1    -1    -1    -1    -1    -1    -1 
   -1     0    18   479   912    -1   479   274   415   118     0 
   -1   236   670     0     0   731    -1   114     2   358     0 
   -1   868   176   420   474     0   192    -1   106   603     0 
   -1     0   567   774   501   875   565     0    -1     0     0 
   -1     0   682   649   448   800   478   243   369    -1     0 
   -1     0     0     0     0     0     0     0     0     0     0 

------------------------------------------
Нахождение минимумов по строкам и их редукция
   -1   627     0   253    -1   556    -1   161     0   652     0 
   -1    -1   424    27   138     0    -1   601   608   793     0 
   -1    -1    -1    -1    -1    -1    -1    -1    -1    -1    -1 
   -1    24     1    -1   422    82    -1     0   395   347   149 
   -1    -1    -1    -1    -1    -1    -1    -1    -1    -1    -1 
   -1     0    18   479   912    -1    -1   274   415   118     0 
   -1   236    -1     0     0   731    -1   114     2   358     0 
   -1   868   176   420   474     0    -1    -1   106   603     0 
   -1     0   567   774   501   875    -1     0    -1     0     0 
   -1     0   682   649   448   800    -1   243   369    -1     0 
   -1     0    18     0     0     0    -1     0     0     0     0 

------------------------------------------
Нахождение минимумов по столбцам и их редукция
   -1   627     0   253    -1   556    -1   161     0   652     0 
   -1    -1   424    27   138     0    -1   601   608   793     0 
   -1    -1    -1    -1    -1    -1    -1    -1    -1    -1    -1 
   -1    24     1    -1   422    82    -1     0   395   347   149 
   -1    -1    -1    -1    -1    -1    -1    -1    -1    -1    -1 
   -1     0    18   479   912    -1    -1   274   415   118     0 
   -1   236    -1     0     0   731    -1   114     2   358     0 
   -1   868   176   420   474     0    -1    -1   106   603     0 
   -1     0   567   774   501   875    -1     0    -1     0     0 
   -1     0   682   649   448   800    -1   243   369    -1     0 
   -1     0     0     0     0     0    -1     0     0     0     0 

------------------------------------------
Нужный путь:2|10

Дополнительный массив
   -1   627     0   253    -1   556    -1   161     0   652     0 
   -1    -1   424    27   138     0    -1   601   608   793     0 
   -1    -1    -1    -1    -1    -1    -1    -1    -1    -1    -1 
   -1    24     1    -1   422    82    -1     0   395   347   149 
   -1    -1    -1    -1    -1    -1    -1    -1    -1    -1    -1 
   -1     0    18   479   912    -1    -1   274   415   118     0 
   -1   236    -1     0     0   731    -1   114     2   358     0 
   -1   868   176   420   474     0    -1    -1   106   603     0 
   -1     0   567   774   501   875    -1     0    -1     0     0 
   -1     0   682   649   448   800    -1   243   369    -1     0 
   -1     0     0     0     0     0    -1     0     0     0     0 

------------------------------------------
Массив до удаления использованного пути
   -1   627     0   253    -1   556    -1   161     0   652     0 
   -1    -1   424    27   138     0    -1   601   608   793     0 
   -1    -1    -1    -1    -1    -1    -1    -1    -1    -1    -1 
   -1    24     1    -1   422    82    -1     0   395   347   149 
   -1    -1    -1    -1    -1    -1    -1    -1    -1    -1    -1 
   -1     0    18   479   912    -1    -1   274   415   118     0 
   -1   236    -1     0     0   731    -1   114     2   358     0 
   -1   868   176   420   474     0    -1    -1   106   603     0 
   -1     0   567   774   501   875    -1     0    -1     0     0 
   -1     0   682   649   448   800    -1   243   369    -1     0 
   -1     0     0     0     0     0    -1     0     0     0     0 

------------------------------------------
Массив после удаления использованного пути
   -1    -1     0   253    -1   556    -1   161     0   652     0 
   -1    -1   424    27   138     0    -1   601   608    -1     0 
   -1    -1    -1    -1    -1    -1    -1    -1    -1    -1    -1 
   -1    -1     1    -1   422    82    -1     0   395   347   149 
   -1    -1    -1    -1    -1    -1    -1    -1    -1    -1    -1 
   -1    -1    18   479   912    -1    -1   274   415   118     0 
   -1    -1    -1     0     0   731    -1   114     2   358     0 
   -1    -1   176   420   474     0    -1    -1   106   603     0 
   -1    -1   567   774   501   875    -1     0    -1     0     0 
   -1    -1    -1    -1    -1    -1    -1    -1    -1    -1    -1 
   -1    -1     0     0     0     0    -1     0     0     0     0 

------------------------------------------
Дополнительное нахождение минимумов по строкам и столбцам и их редукция для второго варианта пути
   -1   627     0   253    -1   556    -1   161     0   652     0 
   -1    -1   424    27   138     0    -1   601   608   793     0 
   -1    -1    -1    -1    -1    -1    -1    -1    -1    -1    -1 
   -1    24     1    -1   422    82    -1     0   395   347     0 
   -1    -1    -1    -1    -1    -1    -1    -1    -1    -1    -1 
   -1     0    18   479   912    -1    -1   274   415   118     0 
   -1   236    -1     0     0   731    -1   114     2   358     0 
   -1   868   176   420   474     0    -1    -1   106   603     0 
   -1     0   567   774   501   875    -1     0    -1     0     0 
   -1    -1   439   406   205   557    -1     0   126    -1   243 
   -1     0     0     0     0     0    -1     0     0     0     0 

------------------------------------------
Нахождение минимумов по строкам и их редукция
   -1    -1     0   253    -1   556    -1   161     0   652     0 
   -1    -1   424    27   138     0    -1   601   608    -1     0 
   -1    -1    -1    -1    -1    -1    -1    -1    -1    -1    -1 
   -1    -1     1    -1   422    82    -1     0   395   347     0 
   -1    -1    -1    -1    -1    -1    -1    -1    -1    -1    -1 
   -1    -1     0   461   894    -1    -1   256   397   100    18 
   -1    -1    -1     0     0   731    -1   114     2   358     0 
   -1    -1   176   420   474     0    -1    -1   106   603     0 
   -1    -1   567   774   501   875    -1     0    -1     0     0 
   -1    -1    -1    -1    -1    -1    -1    -1    -1    -1    -1 
   -1    -1     0     0     0     0    -1     0     0     0     0 

------------------------------------------
Нахождение минимумов по столбцам и их редукция
   -1    -1     0   253    -1   556    -1   161     0   652     0 
   -1    -1   424    27   138     0    -1   601   608    -1     0 
   -1    -1    -1    -1    -1    -1    -1    -1    -1    -1    -1 
   -1    -1     1    -1   422    82    -1     0   395   347     0 
   -1    -1    -1    -1    -1    -1    -1    -1    -1    -1    -1 
   -1    -1     0   461   894    -1    -1   256   397   100    18 
   -1    -1    -1     0     0   731    -1   114     2   358     0 
   -1    -1   176   420   474     0    -1    -1   106   603     0 
   -1    -1   567   774   501   875    -1     0    -1     0     0 
   -1    -1    -1    -1    -1    -1    -1    -1    -1    -1    -1 
   -1    -1     0     0     0     0    -1     0     0     0     0 

------------------------------------------
Нужный путь:5|7

Дополнительный массив
   -1    -1     0   253    -1   556    -1   161     0   652     0 
   -1    -1   424    27   138     0    -1   601   608    -1     0 
   -1    -1    -1    -1    -1    -1    -1    -1    -1    -1    -1 
   -1    -1     1    -1   422    82    -1     0   395   347     0 
   -1    -1    -1    -1    -1    -1    -1    -1    -1    -1    -1 
   -1    -1     0   461   894    -1    -1   256   397   100    18 
   -1    -1    -1     0     0   731    -1   114     2   358     0 
   -1    -1   176   420   474     0    -1    -1   106   603     0 
   -1    -1   567   774   501   875    -1     0    -1     0     0 
   -1    -1    -1    -1    -1    -1    -1    -1    -1    -1    -1 
   -1    -1     0     0     0     0    -1     0     0     0     0 

------------------------------------------
Массив до удаления использованного пути
   -1    -1     0   253    -1   556    -1   161     0   652     0 
   -1    -1   424    27   138     0    -1   601   608    -1     0 
   -1    -1    -1    -1    -1    -1    -1    -1    -1    -1    -1 
   -1    -1     1    -1   422    82    -1     0   395   347     0 
   -1    -1    -1    -1    -1    -1    -1    -1    -1    -1    -1 
   -1    -1     0   461   894    -1    -1   256   397   100    18 
   -1    -1    -1     0     0   731    -1   114     2   358     0 
   -1    -1   176   420   474     0    -1    -1   106   603     0 
   -1    -1   567   774   501   875    -1     0    -1     0     0 
   -1    -1    -1    -1    -1    -1    -1    -1    -1    -1    -1 
   -1    -1     0     0     0     0    -1     0     0     0     0 

------------------------------------------
Массив после удаления использованного пути
   -1    -1     0   253    -1   556    -1   161     0   652     0 
   -1    -1   424    27    -1     0    -1   601   608    -1     0 
   -1    -1    -1    -1    -1    -1    -1    -1    -1    -1    -1 
   -1    -1     1    -1    -1    82    -1     0   395   347     0 
   -1    -1    -1    -1    -1    -1    -1    -1    -1    -1    -1 
   -1    -1     0   461    -1    -1    -1   256   397   100    18 
   -1    -1    -1    -1    -1    -1    -1    -1    -1    -1    -1 
   -1    -1   176   420    -1     0    -1    -1   106   603     0 
   -1    -1   567   774    -1   875    -1     0    -1     0     0 
   -1    -1    -1    -1    -1    -1    -1    -1    -1    -1    -1 
   -1    -1     0     0    -1     0    -1     0     0     0     0 

------------------------------------------
Дополнительное нахождение минимумов по строкам и столбцам и их редукция для второго варианта пути
   -1    -1     0   253    -1   556    -1   161     0   652     0 
   -1    -1   424    27     0     0    -1   601   608    -1     0 
   -1    -1    -1    -1    -1    -1    -1    -1    -1    -1    -1 
   -1    -1     1    -1   284    82    -1     0   395   347     0 
   -1    -1    -1    -1    -1    -1    -1    -1    -1    -1    -1 
   -1    -1     0   461   756    -1    -1   256   397   100     0 
   -1    -1    -1     0    -1   731    -1   114     2   358     0 
   -1    -1   176   420   336     0    -1    -1   106   603     0 
   -1    -1   567   774   363   875    -1     0    -1     0     0 
   -1    -1    -1    -1    -1    -1    -1    -1    -1    -1    -1 
   -1    -1     0     0   138     0    -1     0     0     0     0 

------------------------------------------
Нахождение минимумов по строкам и их редукция
   -1    -1     0   253    -1   556    -1   161     0   652     0 
   -1    -1   424    27    -1     0    -1   601   608    -1     0 
   -1    -1    -1    -1    -1    -1    -1    -1    -1    -1    -1 
   -1    -1     1    -1    -1    82    -1     0   395   347     0 
   -1    -1    -1    -1    -1    -1    -1    -1    -1    -1    -1 
   -1    -1     0   461    -1    -1    -1   256   397   100     0 
   -1    -1    -1    -1    -1    -1    -1    -1    -1    -1    -1 
   -1    -1   176   420    -1     0    -1    -1   106   603     0 
   -1    -1   567   774    -1   875    -1     0    -1     0     0 
   -1    -1    -1    -1    -1    -1    -1    -1    -1    -1    -1 
   -1    -1     0     0    -1     0    -1     0     0     0     0 

------------------------------------------
Нахождение минимумов по столбцам и их редукция
   -1    -1     0   226    -1   556    -1   161     0   652     0 
   -1    -1   424     0    -1     0    -1   601   608    -1     0 
   -1    -1    -1    -1    -1    -1    -1    -1    -1    -1    -1 
   -1    -1     1    -1    -1    82    -1     0   395   347     0 
   -1    -1    -1    -1    -1    -1    -1    -1    -1    -1    -1 
   -1    -1     0   434    -1    -1    -1   256   397   100     0 
   -1    -1    -1    -1    -1    -1    -1    -1    -1    -1    -1 
   -1    -1   176   393    -1     0    -1    -1   106   603     0 
   -1    -1   567   747    -1   875    -1     0    -1     0     0 
   -1    -1    -1    -1    -1    -1    -1    -1    -1    -1    -1 
   -1    -1     0    27    -1     0    -1     0     0     0     0 

------------------------------------------
Нужный путь:4|2

Дополнительный массив
   -1    -1     0   226    -1   556    -1   161     0   652     0 
   -1    -1   424     0    -1     0    -1   601   608    -1     0 
   -1    -1    -1    -1    -1    -1    -1    -1    -1    -1    -1 
   -1    -1     1    -1    -1    82    -1     0   395   347     0 
   -1    -1    -1    -1    -1    -1    -1    -1    -1    -1    -1 
   -1    -1     0   434    -1    -1    -1   256   397   100     0 
   -1    -1    -1    -1    -1    -1    -1    -1    -1    -1    -1 
   -1    -1   176   393    -1     0    -1    -1   106   603     0 
   -1    -1   567   747    -1   875    -1     0    -1     0     0 
   -1    -1    -1    -1    -1    -1    -1    -1    -1    -1    -1 
   -1    -1     0    27    -1     0    -1     0     0     0     0 

------------------------------------------
Массив до удаления использованного пути
   -1    -1     0   226    -1   556    -1   161     0   652     0 
   -1    -1   424     0    -1     0    -1   601   608    -1     0 
   -1    -1    -1    -1    -1    -1    -1    -1    -1    -1    -1 
   -1    -1     1    -1    -1    82    -1     0   395   347     0 
   -1    -1    -1    -1    -1    -1    -1    -1    -1    -1    -1 
   -1    -1     0   434    -1    -1    -1   256   397   100     0 
   -1    -1    -1    -1    -1    -1    -1    -1    -1    -1    -1 
   -1    -1   176   393    -1     0    -1    -1   106   603     0 
   -1    -1   567   747    -1   875    -1     0    -1     0     0 
   -1    -1    -1    -1    -1    -1    -1    -1    -1    -1    -1 
   -1    -1     0    27    -1     0    -1     0     0     0     0 

------------------------------------------
Массив после удаления использованного пути
   -1    -1     0    -1    -1   556    -1   161     0   652     0 
   -1    -1    -1    -1    -1    -1    -1    -1    -1    -1    -1 
   -1    -1    -1    -1    -1    -1    -1    -1    -1    -1    -1 
   -1    -1     1    -1    -1    82    -1     0   395   347     0 
   -1    -1    -1    -1    -1    -1    -1    -1    -1    -1    -1 
   -1    -1     0    -1    -1    -1    -1   256   397   100     0 
   -1    -1    -1    -1    -1    -1    -1    -1    -1    -1    -1 
   -1    -1   176    -1    -1     0    -1    -1   106   603     0 
   -1    -1   567    -1    -1   875    -1     0    -1     0     0 
   -1    -1    -1    -1    -1    -1    -1    -1    -1    -1    -1 
   -1    -1     0    -1    -1     0    -1     0     0     0     0 

------------------------------------------
Дополнительное нахождение минимумов по строкам и столбцам и их редукция для второго варианта пути
   -1    -1     0     0    -1   556    -1   161     0   652     0 
   -1    -1   424    -1    -1     0    -1   601   608    -1     0 
   -1    -1    -1    -1    -1    -1    -1    -1    -1    -1    -1 
   -1    -1     1    -1    -1    82    -1     0   395   347     0 
   -1    -1    -1    -1    -1    -1    -1    -1    -1    -1    -1 
   -1    -1     0   208    -1    -1    -1   256   397   100     0 
   -1    -1    -1    -1    -1    -1    -1    -1    -1    -1    -1 
   -1    -1   176   167    -1     0    -1    -1   106   603     0 
   -1    -1   567   521    -1   875    -1     0    -1     0     0 
   -1    -1    -1    -1    -1    -1    -1    -1    -1    -1    -1 
   -1    -1     0   226    -1     0    -1     0     0     0     0 

------------------------------------------
Нахождение минимумов по строкам и их редукция
   -1    -1     0    -1    -1   556    -1   161     0   652     0 
   -1    -1    -1    -1    -1    -1    -1    -1    -1    -1    -1 
   -1    -1    -1    -1    -1    -1    -1    -1    -1    -1    -1 
   -1    -1     1    -1    -1    82    -1     0   395   347     0 
   -1    -1    -1    -1    -1    -1    -1    -1    -1    -1    -1 
   -1    -1     0    -1    -1    -1    -1   256   397   100     0 
   -1    -1    -1    -1    -1    -1    -1    -1    -1    -1    -1 
   -1    -1   176    -1    -1     0    -1    -1   106   603     0 
   -1    -1   567    -1    -1   875    -1     0    -1     0     0 
   -1    -1    -1    -1    -1    -1    -1    -1    -1    -1    -1 
   -1    -1     0    -1    -1     0    -1     0     0     0     0 

------------------------------------------
Нахождение минимумов по столбцам и их редукция
   -1    -1     0    -1    -1   556    -1   161     0   652     0 
   -1    -1    -1    -1    -1    -1    -1    -1    -1    -1    -1 
   -1    -1    -1    -1    -1    -1    -1    -1    -1    -1    -1 
   -1    -1     1    -1    -1    82    -1     0   395   347     0 
   -1    -1    -1    -1    -1    -1    -1    -1    -1    -1    -1 
   -1    -1     0    -1    -1    -1    -1   256   397   100     0 
   -1    -1    -1    -1    -1    -1    -1    -1    -1    -1    -1 
   -1    -1   176    -1    -1     0    -1    -1   106   603     0 
   -1    -1   567    -1    -1   875    -1     0    -1     0     0 
   -1    -1    -1    -1    -1    -1    -1    -1    -1    -1    -1 
   -1    -1     0    -1    -1     0    -1     0     0     0     0 

------------------------------------------
Нужный путь:6|8

Дополнительный массив
   -1    -1     0    -1    -1   556    -1   161     0   652     0 
   -1    -1    -1    -1    -1    -1    -1    -1    -1    -1    -1 
   -1    -1    -1    -1    -1    -1    -1    -1    -1    -1    -1 
   -1    -1     1    -1    -1    82    -1     0   395   347     0 
   -1    -1    -1    -1    -1    -1    -1    -1    -1    -1    -1 
   -1    -1     0    -1    -1    -1    -1   256   397   100     0 
   -1    -1    -1    -1    -1    -1    -1    -1    -1    -1    -1 
   -1    -1   176    -1    -1     0    -1    -1   106   603     0 
   -1    -1   567    -1    -1   875    -1     0    -1     0     0 
   -1    -1    -1    -1    -1    -1    -1    -1    -1    -1    -1 
   -1    -1     0    -1    -1     0    -1     0     0     0     0 

------------------------------------------
Массив до удаления использованного пути
   -1    -1     0    -1    -1   556    -1   161     0   652     0 
   -1    -1    -1    -1    -1    -1    -1    -1    -1    -1    -1 
   -1    -1    -1    -1    -1    -1    -1    -1    -1    -1    -1 
   -1    -1     1    -1    -1    82    -1     0   395   347     0 
   -1    -1    -1    -1    -1    -1    -1    -1    -1    -1    -1 
   -1    -1     0    -1    -1    -1    -1   256   397   100     0 
   -1    -1    -1    -1    -1    -1    -1    -1    -1    -1    -1 
   -1    -1   176    -1    -1     0    -1    -1   106   603     0 
   -1    -1   567    -1    -1   875    -1     0    -1     0     0 
   -1    -1    -1    -1    -1    -1    -1    -1    -1    -1    -1 
   -1    -1     0    -1    -1     0    -1     0     0     0     0 

------------------------------------------
Массив после удаления использованного пути
   -1    -1     0    -1    -1    -1    -1   161     0   652     0 
   -1    -1    -1    -1    -1    -1    -1    -1    -1    -1    -1 
   -1    -1    -1    -1    -1    -1    -1    -1    -1    -1    -1 
   -1    -1     1    -1    -1    -1    -1     0   395   347     0 
   -1    -1    -1    -1    -1    -1    -1    -1    -1    -1    -1 
   -1    -1     0    -1    -1    -1    -1    -1   397   100     0 
   -1    -1    -1    -1    -1    -1    -1    -1    -1    -1    -1 
   -1    -1    -1    -1    -1    -1    -1    -1    -1    -1    -1 
   -1    -1   567    -1    -1    -1    -1     0    -1     0     0 
   -1    -1    -1    -1    -1    -1    -1    -1    -1    -1    -1 
   -1    -1     0    -1    -1    -1    -1     0     0     0     0 

------------------------------------------
Дополнительное нахождение минимумов по строкам и столбцам и их редукция для второго варианта пути
   -1    -1     0    -1    -1   474    -1   161     0   652     0 
   -1    -1    -1    -1    -1    -1    -1    -1    -1    -1    -1 
   -1    -1    -1    -1    -1    -1    -1    -1    -1    -1    -1 
   -1    -1     1    -1    -1     0    -1     0   395   347     0 
   -1    -1    -1    -1    -1    -1    -1    -1    -1    -1    -1 
   -1    -1     0    -1    -1    -1    -1   256   397   100     0 
   -1    -1    -1    -1    -1    -1    -1    -1    -1    -1    -1 
   -1    -1    70    -1    -1    -1    -1    -1     0   497   106 
   -1    -1   567    -1    -1   793    -1     0    -1     0     0 
   -1    -1    -1    -1    -1    -1    -1    -1    -1    -1    -1 
   -1    -1     0    -1    -1    82    -1     0     0     0     0 

------------------------------------------
Нахождение минимумов по строкам и их редукция
   -1    -1     0    -1    -1    -1    -1   161     0   652     0 
   -1    -1    -1    -1    -1    -1    -1    -1    -1    -1    -1 
   -1    -1    -1    -1    -1    -1    -1    -1    -1    -1    -1 
   -1    -1     1    -1    -1    -1    -1     0   395   347     0 
   -1    -1    -1    -1    -1    -1    -1    -1    -1    -1    -1 
   -1    -1     0    -1    -1    -1    -1    -1   397   100     0 
   -1    -1    -1    -1    -1    -1    -1    -1    -1    -1    -1 
   -1    -1    -1    -1    -1    -1    -1    -1    -1    -1    -1 
   -1    -1   567    -1    -1    -1    -1     0    -1     0     0 
   -1    -1    -1    -1    -1    -1    -1    -1    -1    -1    -1 
   -1    -1     0    -1    -1    -1    -1     0     0     0     0 

------------------------------------------
Нахождение минимумов по столбцам и их редукция
   -1    -1     0    -1    -1    -1    -1   161     0   652     0 
   -1    -1    -1    -1    -1    -1    -1    -1    -1    -1    -1 
   -1    -1    -1    -1    -1    -1    -1    -1    -1    -1    -1 
   -1    -1     1    -1    -1    -1    -1     0   395   347     0 
   -1    -1    -1    -1    -1    -1    -1    -1    -1    -1    -1 
   -1    -1     0    -1    -1    -1    -1    -1   397   100     0 
   -1    -1    -1    -1    -1    -1    -1    -1    -1    -1    -1 
   -1    -1    -1    -1    -1    -1    -1    -1    -1    -1    -1 
   -1    -1   567    -1    -1    -1    -1     0    -1     0     0 
   -1    -1    -1    -1    -1    -1    -1    -1    -1    -1    -1 
   -1    -1     0    -1    -1    -1    -1     0     0     0     0 

------------------------------------------
Нужный путь:9|1

Дополнительный массив
   -1    -1     0    -1    -1    -1    -1   161     0   652     0 
   -1    -1    -1    -1    -1    -1    -1    -1    -1    -1    -1 
   -1    -1    -1    -1    -1    -1    -1    -1    -1    -1    -1 
   -1    -1     1    -1    -1    -1    -1     0   395   347     0 
   -1    -1    -1    -1    -1    -1    -1    -1    -1    -1    -1 
   -1    -1     0    -1    -1    -1    -1    -1   397   100     0 
   -1    -1    -1    -1    -1    -1    -1    -1    -1    -1    -1 
   -1    -1    -1    -1    -1    -1    -1    -1    -1    -1    -1 
   -1    -1   567    -1    -1    -1    -1     0    -1     0     0 
   -1    -1    -1    -1    -1    -1    -1    -1    -1    -1    -1 
   -1    -1     0    -1    -1    -1    -1     0     0     0     0 

------------------------------------------
Массив до удаления использованного пути
   -1    -1     0    -1    -1    -1    -1   161     0   652     0 
   -1    -1    -1    -1    -1    -1    -1    -1    -1    -1    -1 
   -1    -1    -1    -1    -1    -1    -1    -1    -1    -1    -1 
   -1    -1     1    -1    -1    -1    -1     0   395   347     0 
   -1    -1    -1    -1    -1    -1    -1    -1    -1    -1    -1 
   -1    -1     0    -1    -1    -1    -1    -1   397   100     0 
   -1    -1    -1    -1    -1    -1    -1    -1    -1    -1    -1 
   -1    -1    -1    -1    -1    -1    -1    -1    -1    -1    -1 
   -1    -1   567    -1    -1    -1    -1     0    -1     0     0 
   -1    -1    -1    -1    -1    -1    -1    -1    -1    -1    -1 
   -1    -1     0    -1    -1    -1    -1     0     0     0     0 

------------------------------------------
Массив после удаления использованного пути
   -1    -1    -1    -1    -1    -1    -1    -1    -1    -1    -1 
   -1    -1    -1    -1    -1    -1    -1    -1    -1    -1    -1 
   -1    -1    -1    -1    -1    -1    -1    -1    -1    -1    -1 
   -1    -1     1    -1    -1    -1    -1     0    -1   347     0 
   -1    -1    -1    -1    -1    -1    -1    -1    -1    -1    -1 
   -1    -1     0    -1    -1    -1    -1    -1    -1   100     0 
   -1    -1    -1    -1    -1    -1    -1    -1    -1    -1    -1 
   -1    -1    -1    -1    -1    -1    -1    -1    -1    -1    -1 
   -1    -1   567    -1    -1    -1    -1     0    -1     0     0 
   -1    -1    -1    -1    -1    -1    -1    -1    -1    -1    -1 
   -1    -1     0    -1    -1    -1    -1     0    -1     0     0 

------------------------------------------
Дополнительное нахождение минимумов по строкам и столбцам и их редукция для второго варианта пути
   -1    -1     0    -1    -1    -1    -1   161    -1   652     0 
   -1    -1    -1    -1    -1    -1    -1    -1    -1    -1    -1 
   -1    -1    -1    -1    -1    -1    -1    -1    -1    -1    -1 
   -1    -1     1    -1    -1    -1    -1     0     0   347     0 
   -1    -1    -1    -1    -1    -1    -1    -1    -1    -1    -1 
   -1    -1     0    -1    -1    -1    -1    -1     2   100     0 
   -1    -1    -1    -1    -1    -1    -1    -1    -1    -1    -1 
   -1    -1    -1    -1    -1    -1    -1    -1    -1    -1    -1 
   -1    -1   567    -1    -1    -1    -1     0    -1     0     0 
   -1    -1    -1    -1    -1    -1    -1    -1    -1    -1    -1 
   -1    -1     0    -1    -1    -1    -1     0   395     0     0 

------------------------------------------
Нахождение минимумов по строкам и их редукция
   -1    -1    -1    -1    -1    -1    -1    -1    -1    -1    -1 
   -1    -1    -1    -1    -1    -1    -1    -1    -1    -1    -1 
   -1    -1    -1    -1    -1    -1    -1    -1    -1    -1    -1 
   -1    -1     1    -1    -1    -1    -1     0    -1   347     0 
   -1    -1    -1    -1    -1    -1    -1    -1    -1    -1    -1 
   -1    -1     0    -1    -1    -1    -1    -1    -1   100     0 
   -1    -1    -1    -1    -1    -1    -1    -1    -1    -1    -1 
   -1    -1    -1    -1    -1    -1    -1    -1    -1    -1    -1 
   -1    -1   567    -1    -1    -1    -1     0    -1     0     0 
   -1    -1    -1    -1    -1    -1    -1    -1    -1    -1    -1 
   -1    -1     0    -1    -1    -1    -1     0    -1     0     0 

------------------------------------------
Нахождение минимумов по столбцам и их редукция
   -1    -1    -1    -1    -1    -1    -1    -1    -1    -1    -1 
   -1    -1    -1    -1    -1    -1    -1    -1    -1    -1    -1 
   -1    -1    -1    -1    -1    -1    -1    -1    -1    -1    -1 
   -1    -1     1    -1    -1    -1    -1     0    -1   347     0 
   -1    -1    -1    -1    -1    -1    -1    -1    -1    -1    -1 
   -1    -1     0    -1    -1    -1    -1    -1    -1   100     0 
   -1    -1    -1    -1    -1    -1    -1    -1    -1    -1    -1 
   -1    -1    -1    -1    -1    -1    -1    -1    -1    -1    -1 
   -1    -1   567    -1    -1    -1    -1     0    -1     0     0 
   -1    -1    -1    -1    -1    -1    -1    -1    -1    -1    -1 
   -1    -1     0    -1    -1    -1    -1     0    -1     0     0 

------------------------------------------
Нужный путь:3|6

Дополнительный массив
   -1    -1    -1    -1    -1    -1    -1    -1    -1    -1    -1 
   -1    -1    -1    -1    -1    -1    -1    -1    -1    -1    -1 
   -1    -1    -1    -1    -1    -1    -1    -1    -1    -1    -1 
   -1    -1     1    -1    -1    -1    -1     0    -1   347     0 
   -1    -1    -1    -1    -1    -1    -1    -1    -1    -1    -1 
   -1    -1     0    -1    -1    -1    -1    -1    -1   100     0 
   -1    -1    -1    -1    -1    -1    -1    -1    -1    -1    -1 
   -1    -1    -1    -1    -1    -1    -1    -1    -1    -1    -1 
   -1    -1   567    -1    -1    -1    -1     0    -1     0     0 
   -1    -1    -1    -1    -1    -1    -1    -1    -1    -1    -1 
   -1    -1     0    -1    -1    -1    -1     0    -1     0     0 

------------------------------------------
Массив до удаления использованного пути
   -1    -1    -1    -1    -1    -1    -1    -1    -1    -1    -1 
   -1    -1    -1    -1    -1    -1    -1    -1    -1    -1    -1 
   -1    -1    -1    -1    -1    -1    -1    -1    -1    -1    -1 
   -1    -1     1    -1    -1    -1    -1     0    -1   347     0 
   -1    -1    -1    -1    -1    -1    -1    -1    -1    -1    -1 
   -1    -1     0    -1    -1    -1    -1    -1    -1   100     0 
   -1    -1    -1    -1    -1    -1    -1    -1    -1    -1    -1 
   -1    -1    -1    -1    -1    -1    -1    -1    -1    -1    -1 
   -1    -1   567    -1    -1    -1    -1     0    -1     0     0 
   -1    -1    -1    -1    -1    -1    -1    -1    -1    -1    -1 
   -1    -1     0    -1    -1    -1    -1     0    -1     0     0 

------------------------------------------
Массив после удаления использованного пути
   -1    -1    -1    -1    -1    -1    -1    -1    -1    -1    -1 
   -1    -1    -1    -1    -1    -1    -1    -1    -1    -1    -1 
   -1    -1    -1    -1    -1    -1    -1    -1    -1    -1    -1 
   -1    -1    -1    -1    -1    -1    -1     0    -1   347     0 
   -1    -1    -1    -1    -1    -1    -1    -1    -1    -1    -1 
   -1    -1    -1    -1    -1    -1    -1    -1    -1    -1    -1 
   -1    -1    -1    -1    -1    -1    -1    -1    -1    -1    -1 
   -1    -1    -1    -1    -1    -1    -1    -1    -1    -1    -1 
   -1    -1    -1    -1    -1    -1    -1     0    -1     0     0 
   -1    -1    -1    -1    -1    -1    -1    -1    -1    -1    -1 
   -1    -1    -1    -1    -1    -1    -1     0    -1     0     0 

------------------------------------------
Дополнительное нахождение минимумов по строкам и столбцам и их редукция для второго варианта пути
   -1    -1    -1    -1    -1    -1    -1    -1    -1    -1    -1 
   -1    -1    -1    -1    -1    -1    -1    -1    -1    -1    -1 
   -1    -1    -1    -1    -1    -1    -1    -1    -1    -1    -1 
   -1    -1     0    -1    -1    -1    -1     0    -1   347     0 
   -1    -1    -1    -1    -1    -1    -1    -1    -1    -1    -1 
   -1    -1    -1    -1    -1    -1    -1    -1    -1     0   100 
   -1    -1    -1    -1    -1    -1    -1    -1    -1    -1    -1 
   -1    -1    -1    -1    -1    -1    -1    -1    -1    -1    -1 
   -1    -1   566    -1    -1    -1    -1     0    -1     0     0 
   -1    -1    -1    -1    -1    -1    -1    -1    -1    -1    -1 
   -1    -1     1    -1    -1    -1    -1     0    -1     0     0 

------------------------------------------
Нахождение минимумов по строкам и их редукция
   -1    -1    -1    -1    -1    -1    -1    -1    -1    -1    -1 
   -1    -1    -1    -1    -1    -1    -1    -1    -1    -1    -1 
   -1    -1    -1    -1    -1    -1    -1    -1    -1    -1    -1 
   -1    -1    -1    -1    -1    -1    -1     0    -1   347     0 
   -1    -1    -1    -1    -1    -1    -1    -1    -1    -1    -1 
   -1    -1    -1    -1    -1    -1    -1    -1    -1    -1    -1 
   -1    -1    -1    -1    -1    -1    -1    -1    -1    -1    -1 
   -1    -1    -1    -1    -1    -1    -1    -1    -1    -1    -1 
   -1    -1    -1    -1    -1    -1    -1     0    -1     0     0 
   -1    -1    -1    -1    -1    -1    -1    -1    -1    -1    -1 
   -1    -1    -1    -1    -1    -1    -1     0    -1     0     0 

------------------------------------------
Нахождение минимумов по столбцам и их редукция
   -1    -1    -1    -1    -1    -1    -1    -1    -1    -1    -1 
   -1    -1    -1    -1    -1    -1    -1    -1    -1    -1    -1 
   -1    -1    -1    -1    -1    -1    -1    -1    -1    -1    -1 
   -1    -1    -1    -1    -1    -1    -1     0    -1   347     0 
   -1    -1    -1    -1    -1    -1    -1    -1    -1    -1    -1 
   -1    -1    -1    -1    -1    -1    -1    -1    -1    -1    -1 
   -1    -1    -1    -1    -1    -1    -1    -1    -1    -1    -1 
   -1    -1    -1    -1    -1    -1    -1    -1    -1    -1    -1 
   -1    -1    -1    -1    -1    -1    -1     0    -1     0     0 
   -1    -1    -1    -1    -1    -1    -1    -1    -1    -1    -1 
   -1    -1    -1    -1    -1    -1    -1     0    -1     0     0 

------------------------------------------
Нужный путь:10|9

Дополнительный массив
   -1    -1    -1    -1    -1    -1    -1    -1    -1    -1    -1 
   -1    -1    -1    -1    -1    -1    -1    -1    -1    -1    -1 
   -1    -1    -1    -1    -1    -1    -1    -1    -1    -1    -1 
   -1    -1    -1    -1    -1    -1    -1     0    -1   347     0 
   -1    -1    -1    -1    -1    -1    -1    -1    -1    -1    -1 
   -1    -1    -1    -1    -1    -1    -1    -1    -1    -1    -1 
   -1    -1    -1    -1    -1    -1    -1    -1    -1    -1    -1 
   -1    -1    -1    -1    -1    -1    -1    -1    -1    -1    -1 
   -1    -1    -1    -1    -1    -1    -1     0    -1     0     0 
   -1    -1    -1    -1    -1    -1    -1    -1    -1    -1    -1 
   -1    -1    -1    -1    -1    -1    -1     0    -1     0     0 

------------------------------------------
Массив до удаления использованного пути
   -1    -1    -1    -1    -1    -1    -1    -1    -1    -1    -1 
   -1    -1    -1    -1    -1    -1    -1    -1    -1    -1    -1 
   -1    -1    -1    -1    -1    -1    -1    -1    -1    -1    -1 
   -1    -1    -1    -1    -1    -1    -1     0    -1   347     0 
   -1    -1    -1    -1    -1    -1    -1    -1    -1    -1    -1 
   -1    -1    -1    -1    -1    -1    -1    -1    -1    -1    -1 
   -1    -1    -1    -1    -1    -1    -1    -1    -1    -1    -1 
   -1    -1    -1    -1    -1    -1    -1    -1    -1    -1    -1 
   -1    -1    -1    -1    -1    -1    -1     0    -1     0     0 
   -1    -1    -1    -1    -1    -1    -1    -1    -1    -1    -1 
   -1    -1    -1    -1    -1    -1    -1     0    -1     0     0 

------------------------------------------
Массив после удаления использованного пути
   -1    -1    -1    -1    -1    -1    -1    -1    -1    -1    -1 
   -1    -1    -1    -1    -1    -1    -1    -1    -1    -1    -1 
   -1    -1    -1    -1    -1    -1    -1    -1    -1    -1    -1 
   -1    -1    -1    -1    -1    -1    -1     0    -1    -1     0 
   -1    -1    -1    -1    -1    -1    -1    -1    -1    -1    -1 
   -1    -1    -1    -1    -1    -1    -1    -1    -1    -1    -1 
   -1    -1    -1    -1    -1    -1    -1    -1    -1    -1    -1 
   -1    -1    -1    -1    -1    -1    -1    -1    -1    -1    -1 
   -1    -1    -1    -1    -1    -1    -1    -1    -1    -1    -1 
   -1    -1    -1    -1    -1    -1    -1    -1    -1    -1    -1 
   -1    -1    -1    -1    -1    -1    -1     0    -1    -1     0 

------------------------------------------
Дополнительное нахождение минимумов по строкам и столбцам и их редукция для второго варианта пути
   -1    -1    -1    -1    -1    -1    -1    -1    -1    -1    -1 
   -1    -1    -1    -1    -1    -1    -1    -1    -1    -1    -1 
   -1    -1    -1    -1    -1    -1    -1    -1    -1    -1    -1 
   -1    -1    -1    -1    -1    -1    -1     0    -1     0     0 
   -1    -1    -1    -1    -1    -1    -1    -1    -1    -1    -1 
   -1    -1    -1    -1    -1    -1    -1    -1    -1    -1    -1 
   -1    -1    -1    -1    -1    -1    -1    -1    -1    -1    -1 
   -1    -1    -1    -1    -1    -1    -1    -1    -1    -1    -1 
   -1    -1    -1    -1    -1    -1    -1     0    -1    -1     0 
   -1    -1    -1    -1    -1    -1    -1    -1    -1    -1    -1 
   -1    -1    -1    -1    -1    -1    -1     0    -1   347     0 

------------------------------------------
Нахождение минимумов по строкам и их редукция
   -1    -1    -1    -1    -1    -1    -1    -1    -1    -1    -1 
   -1    -1    -1    -1    -1    -1    -1    -1    -1    -1    -1 
   -1    -1    -1    -1    -1    -1    -1    -1    -1    -1    -1 
   -1    -1    -1    -1    -1    -1    -1     0    -1    -1     0 
   -1    -1    -1    -1    -1    -1    -1    -1    -1    -1    -1 
   -1    -1    -1    -1    -1    -1    -1    -1    -1    -1    -1 
   -1    -1    -1    -1    -1    -1    -1    -1    -1    -1    -1 
   -1    -1    -1    -1    -1    -1    -1    -1    -1    -1    -1 
   -1    -1    -1    -1    -1    -1    -1    -1    -1    -1    -1 
   -1    -1    -1    -1    -1    -1    -1    -1    -1    -1    -1 
   -1    -1    -1    -1    -1    -1    -1     0    -1    -1     0 

------------------------------------------
Нахождение минимумов по столбцам и их редукция
   -1    -1    -1    -1    -1    -1    -1    -1    -1    -1    -1 
   -1    -1    -1    -1    -1    -1    -1    -1    -1    -1    -1 
   -1    -1    -1    -1    -1    -1    -1    -1    -1    -1    -1 
   -1    -1    -1    -1    -1    -1    -1     0    -1    -1     0 
   -1    -1    -1    -1    -1    -1    -1    -1    -1    -1    -1 
   -1    -1    -1    -1    -1    -1    -1    -1    -1    -1    -1 
   -1    -1    -1    -1    -1    -1    -1    -1    -1    -1    -1 
   -1    -1    -1    -1    -1    -1    -1    -1    -1    -1    -1 
   -1    -1    -1    -1    -1    -1    -1    -1    -1    -1    -1 
   -1    -1    -1    -1    -1    -1    -1    -1    -1    -1    -1 
   -1    -1    -1    -1    -1    -1    -1     0    -1    -1     0 

------------------------------------------
Нужный путь:8|4

Дополнительный массив
   -1    -1    -1    -1    -1    -1    -1    -1    -1    -1    -1 
   -1    -1    -1    -1    -1    -1    -1    -1    -1    -1    -1 
   -1    -1    -1    -1    -1    -1    -1    -1    -1    -1    -1 
   -1    -1    -1    -1    -1    -1    -1     0    -1    -1     0 
   -1    -1    -1    -1    -1    -1    -1    -1    -1    -1    -1 
   -1    -1    -1    -1    -1    -1    -1    -1    -1    -1    -1 
   -1    -1    -1    -1    -1    -1    -1    -1    -1    -1    -1 
   -1    -1    -1    -1    -1    -1    -1    -1    -1    -1    -1 
   -1    -1    -1    -1    -1    -1    -1    -1    -1    -1    -1 
   -1    -1    -1    -1    -1    -1    -1    -1    -1    -1    -1 
   -1    -1    -1    -1    -1    -1    -1     0    -1    -1     0 

------------------------------------------
Массив до удаления использованного пути
   -1    -1    -1    -1    -1    -1    -1    -1    -1    -1    -1 
   -1    -1    -1    -1    -1    -1    -1    -1    -1    -1    -1 
   -1    -1    -1    -1    -1    -1    -1    -1    -1    -1    -1 
   -1    -1    -1    -1    -1    -1    -1     0    -1    -1     0 
   -1    -1    -1    -1    -1    -1    -1    -1    -1    -1    -1 
   -1    -1    -1    -1    -1    -1    -1    -1    -1    -1    -1 
   -1    -1    -1    -1    -1    -1    -1    -1    -1    -1    -1 
   -1    -1    -1    -1    -1    -1    -1    -1    -1    -1    -1 
   -1    -1    -1    -1    -1    -1    -1    -1    -1    -1    -1 
   -1    -1    -1    -1    -1    -1    -1    -1    -1    -1    -1 
   -1    -1    -1    -1    -1    -1    -1     0    -1    -1     0 

------------------------------------------
Массив после удаления использованного пути
   -1    -1    -1    -1    -1    -1    -1    -1    -1    -1    -1 
   -1    -1    -1    -1    -1    -1    -1    -1    -1    -1    -1 
   -1    -1    -1    -1    -1    -1    -1    -1    -1    -1    -1 
   -1    -1    -1    -1    -1    -1    -1    -1    -1    -1    -1 
   -1    -1    -1    -1    -1    -1    -1    -1    -1    -1    -1 
   -1    -1    -1    -1    -1    -1    -1    -1    -1    -1    -1 
   -1    -1    -1    -1    -1    -1    -1    -1    -1    -1    -1 
   -1    -1    -1    -1    -1    -1    -1    -1    -1    -1    -1 
   -1    -1    -1    -1    -1    -1    -1    -1    -1    -1    -1 
   -1    -1    -1    -1    -1    -1    -1    -1    -1    -1    -1 
   -1    -1    -1    -1    -1    -1    -1    -1    -1    -1     0 

------------------------------------------
Дополнительное нахождение минимумов по строкам и столбцам и их редукция для второго варианта пути
   -1    -1    -1    -1    -1    -1    -1    -1    -1    -1    -1 
   -1    -1    -1    -1    -1    -1    -1    -1    -1    -1    -1 
   -1    -1    -1    -1    -1    -1    -1    -1    -1    -1    -1 
   -1    -1    -1    -1    -1    -1    -1    -1    -1    -1    -1 
   -1    -1    -1    -1    -1    -1    -1    -1    -1    -1    -1 
   -1    -1    -1    -1    -1    -1    -1    -1    -1    -1    -1 
   -1    -1    -1    -1    -1    -1    -1    -1    -1    -1    -1 
   -1    -1    -1    -1    -1    -1    -1    -1    -1    -1    -1 
   -1    -1    -1    -1    -1    -1    -1    -1    -1    -1    -1 
   -1    -1    -1    -1    -1    -1    -1    -1    -1    -1    -1 
   -1    -1    -1    -1    -1    -1    -1    -1    -1    -1     0 

------------------------------------------
1->5|5->7|7->3|3->6|6->8|8->4|4->2|2->10|10->9|9->1|
Длина наивыгоднейшего пути:1709у.е.